{"type":"group","tags":[],"content":[{"type":"graph","matrix":[1,0,0,0,0,1,0,0,0,0,1,0,0,0,0,1,"1","0","0","0","0","1","0","0","0","0","1","0","1"],"tags":["color:#bababa"],"graph":{"isClosed":true,"isEmpty":false,"isLazy":true,"provenance":"algorithm/cgal/fromSurfaceMeshToLazyGraph","serializedSurfaceMesh":"42\n189750/3893 -43400/3893 -200\n-8775/898 3500/449 -400\n7000/1289 29025/2578 -400\n-7000/1289 29025/2578 -400\n94875/7786 10850/3893 -400\n94875/7786 -10850/3893 -400\n-50 0 -200\n-17550/449 14000/449 -200\n17550/449 -14000/449 -200\n14000/449 17550/449 -200\n-189750/3893 43400/3893 -200\n8775/898 3500/449 -400\n0 25/2 -400\n-8775/898 -3500/449 -400\n7000/1289 -29025/2578 -400\n8775/898 -3500/449 -400\n-94875/7786 -10850/3893 -400\n50 0 -200\n0 -25/2 -400\n-43400/3893 -189750/3893 -200\n-7000/1289 -29025/2578 -400\n28000/1289 58050/1289 -200\n-94875/7786 10850/3893 -400\n-14000/449 17550/449 -200\n-14000/449 -17550/449 -200\n-28000/1289 -58050/1289 -200\n-189750/3893 -43400/3893 -200\n-58050/1289 28000/1289 -200\n189750/3893 43400/3893 -200\n58050/1289 28000/1289 -200\n14000/449 -17550/449 -200\n58050/1289 -28000/1289 -200\n-17550/449 -14000/449 -200\n-43400/3893 189750/3893 -200\n0 50 -200\n0 -50 -200\n-28000/1289 58050/1289 -200\n43400/3893 -189750/3893 -200\n-58050/1289 -28000/1289 -200\n43400/3893 189750/3893 -200\n28000/1289 -58050/1289 -200\n17550/449 14000/449 -200\n\n80\n3 34 39 12\n3 0 17 28\n3 31 5 0\n3 23 36 3\n3 1 23 3\n3 11 2 9\n3 2 39 21\n3 12 33 34\n3 3 33 12\n3 18 35 19\n3 38 16 13\n3 3 36 33\n3 30 15 8\n3 15 5 31\n3 11 5 2\n3 17 5 4\n3 22 27 1\n3 12 5 3\n3 11 41 29\n3 40 14 30\n3 6 16 26\n3 20 25 24\n3 38 13 32\n3 10 27 22\n3 17 4 28\n3 27 7 1\n3 14 40 37\n3 3 5 1\n3 16 38 26\n3 37 35 18\n3 13 20 24\n3 32 13 24\n3 8 15 31\n3 9 2 21\n3 22 6 10\n3 24 36 23\n3 28 4 29\n3 23 1 7\n3 11 29 4\n3 39 2 12\n3 16 5 13\n3 18 5 14\n3 14 5 15\n3 9 41 11\n3 14 15 30\n3 14 37 18\n3 22 16 6\n3 2 5 12\n3 0 5 17\n3 25 20 19\n3 4 5 11\n3 19 20 18\n3 13 5 20\n3 20 5 18\n3 35 39 34\n3 22 5 16\n3 1 5 22\n3 23 32 24\n3 23 38 32\n3 21 40 9\n3 33 35 34\n3 27 10 26\n3 6 26 10\n3 31 41 8\n3 31 0 28\n3 26 38 27\n3 31 28 29\n3 8 41 30\n3 29 41 31\n3 30 41 9\n3 35 37 39\n3 27 38 7\n3 23 7 38\n3 40 39 37\n3 19 35 25\n3 9 40 30\n3 39 40 21\n3 25 36 24\n3 35 33 36\n3 35 36 25\n","hash":"92VCUTFMqdLydOpsyJhhOGrdtb368hT2Qwz4zybl44w="},"hash":"B3mPStjlUFZKP5+r2JrnC7dOA+AyADqd+ydSAmcVxXc="},{"type":"plan","tags":["color:#bababa"],"plan":{"type":"Arc","history":[{"corner1":[50,50,0]},{"corner2":[-50,-50,0]},{"sides":28}]},"content":[{"type":"graph","matrix":[1,0,0,0,0,1,0,0,0,0,1,0,0,0,0,1,"1","0","0","0","0","1","0","0","0","0","1","0","1"],"tags":["color:#bababa","color:#bababa"],"graph":{"isClosed":true,"isEmpty":false,"isLazy":true,"provenance":"algorithm/cgal/fromSurfaceMeshToLazyGraph","serializedSurfaceMesh":"56\n0 50 -200\n-43400/3893 189750/3893 -200\n-28000/1289 58050/1289 -200\n-14000/449 17550/449 -200\n-17550/449 14000/449 -200\n-58050/1289 28000/1289 -200\n-189750/3893 43400/3893 -200\n-50 0 -200\n-189750/3893 -43400/3893 -200\n-58050/1289 -28000/1289 -200\n-17550/449 -14000/449 -200\n-14000/449 -17550/449 -200\n-28000/1289 -58050/1289 -200\n-43400/3893 -189750/3893 -200\n0 -50 -200\n43400/3893 -189750/3893 -200\n28000/1289 -58050/1289 -200\n14000/449 -17550/449 -200\n17550/449 -14000/449 -200\n58050/1289 -28000/1289 -200\n189750/3893 -43400/3893 -200\n50 0 -200\n189750/3893 43400/3893 -200\n58050/1289 28000/1289 -200\n17550/449 14000/449 -200\n14000/449 17550/449 -200\n28000/1289 58050/1289 -200\n43400/3893 189750/3893 -200\n0 50 0\n-43400/3893 189750/3893 0\n-28000/1289 58050/1289 0\n-14000/449 17550/449 0\n-17550/449 14000/449 0\n-58050/1289 28000/1289 0\n-189750/3893 43400/3893 0\n-50 0 0\n-189750/3893 -43400/3893 0\n-58050/1289 -28000/1289 0\n-17550/449 -14000/449 0\n-14000/449 -17550/449 0\n-28000/1289 -58050/1289 0\n-43400/3893 -189750/3893 0\n0 -50 0\n43400/3893 -189750/3893 0\n28000/1289 -58050/1289 0\n14000/449 -17550/449 0\n17550/449 -14000/449 0\n58050/1289 -28000/1289 0\n189750/3893 -43400/3893 0\n50 0 0\n189750/3893 43400/3893 0\n58050/1289 28000/1289 0\n17550/449 14000/449 0\n14000/449 17550/449 0\n28000/1289 58050/1289 0\n43400/3893 189750/3893 0\n\n108\n3 21 20 22\n3 35 36 34\n3 1 29 28\n3 28 0 1\n3 2 30 29\n3 29 1 2\n3 3 31 30\n3 30 2 3\n3 4 32 31\n3 31 3 4\n3 5 33 32\n3 32 4 5\n3 6 34 33\n3 33 5 6\n3 7 35 34\n3 34 6 7\n3 8 36 35\n3 35 7 8\n3 9 37 36\n3 36 8 9\n3 10 38 37\n3 37 9 10\n3 11 39 38\n3 38 10 11\n3 12 40 39\n3 39 11 12\n3 13 41 40\n3 40 12 13\n3 14 42 41\n3 41 13 14\n3 15 43 42\n3 42 14 15\n3 16 44 43\n3 43 15 16\n3 17 45 44\n3 44 16 17\n3 18 46 45\n3 45 17 18\n3 19 47 46\n3 46 18 19\n3 20 48 47\n3 47 19 20\n3 21 49 48\n3 48 20 21\n3 22 50 49\n3 49 21 22\n3 23 51 50\n3 50 22 23\n3 24 52 51\n3 51 23 24\n3 25 53 52\n3 52 24 25\n3 26 54 53\n3 53 25 26\n3 27 55 54\n3 54 26 27\n3 0 28 55\n3 55 27 0\n3 22 19 23\n3 22 20 19\n3 19 18 23\n3 18 24 23\n3 17 24 18\n3 25 24 17\n3 25 17 16\n3 25 16 26\n3 16 15 26\n3 15 14 27\n3 14 13 0\n3 13 12 1\n3 12 11 2\n3 11 10 3\n3 10 9 4\n3 9 8 5\n3 8 7 6\n3 8 6 5\n3 9 5 4\n3 10 4 3\n3 11 3 2\n3 12 2 1\n3 13 1 0\n3 14 0 27\n3 15 27 26\n3 34 37 33\n3 34 36 37\n3 37 38 33\n3 38 32 33\n3 39 32 38\n3 31 32 39\n3 31 39 40\n3 31 40 30\n3 40 41 30\n3 41 29 30\n3 42 29 41\n3 28 29 42\n3 28 42 43\n3 28 43 55\n3 43 44 55\n3 44 45 54\n3 45 46 53\n3 46 47 52\n3 47 48 51\n3 48 49 50\n3 48 50 51\n3 47 51 52\n3 46 52 53\n3 45 53 54\n3 44 54 55\n","hash":"UQE+hef7XqtTRvtJ2Cmpr7Wb6VWCSVBV3naB1qjNhrw="},"hash":"Epa3A9CmGayKJ5BmKiJTsN1kAbWD6db6vaxxkqhH35o="}],"hash":"So0koAkfl4r8s2wUDBx3ZGStug+q7TlU11zoLpRFmTg="}],"hash":"wreQrrnuteSz7R2tIrHWtRMnuvwOcbbT1wiZuR6TpI0="}